[projw] in-vu      pc=0x0b10
            NEW: (0.130666,0.964255,0.170862,2048) (1,1,1,1) (-5275.59,-5361.11,-3.47143e+08,0) (20.1008,19.3571,94.5746,0)
           OLD: (0.130666,0.964255,0.170862,2048) (1,1,1,1) (0.894991,0.410911,0.271538,0.270996) (20.1008,19.3571,94.5746,0)
--
[projw] in-vu      pc=0x0b10
            NEW: (-0.396925,1.55603,0.197344,2048) (1,1,1,1) (-204.533,-596.436,-9.84069e+12,2048) (2.9592,19.5032,129.913,2303)
           OLD: (-0.396925,1.55603,0.197344,2048) (1,1,1,1) (0.0569007,0.168418,-3.47143e+08,0) (2.9592,19.5032,129.913,2303)
--
[projw] in-vu      pc=0x0b10
            NEW: (0.611917,-0.445023,-1.75222e+12,2048) (1,1,1,1) (-4.07187e+18,-4.07187e+18,-3.40282e+38,1.80767e-43) (16.7336,9.51641,-1.29060e+14,1.23734e-42)
           OLD: (0.611917,-0.445023,-1.75222e+12,2048) (1,1,1,1) (0.155676,0.0527344,-9.84069e+12,2048) (16.7336,9.51641,-1.29060e+14,1.23734e-42)
--
